{
    "UID": 11974645985311124346,
    "Type": "Materials",
    "DiffuseAssetPath": "",
    "NormalAssetPath": "",
    "OcclusionAssetPath": "",
    "MetalicAssetPath": "",
    "EmissiveAssetPath": "",
    "shaderType": 0,
    "diffuseColor_x": 0.435553640127182,
    "diffuseColor_y": 0.5588235259056091,
    "diffuseColor_z": 0.5370699763298035,
    "diffuseColor_w": 1.0,
    "specularColor_x": 0.5,
    "specularColor_y": 0.30000001192092896,
    "specularColor_z": 0.5,
    "normalStrength": 1.0,
    "smoothness": 0.8100000023841858,
    "metalness": 0.5199999809265137,
    "isTransparent": false,
    "tilingx": 1.0,
    "tilingy": 1.0,
    "offsetx": 0.0,
    "offsety": 0.0
}