{
    "UID": 11374663187857610420,
    "Type": "Materials",
    "DiffuseAssetPath": "",
    "NormalAssetPath": "",
    "OcclusionAssetPath": "",
    "MetalicAssetPath": "",
    "EmissiveAssetPath": "",
    "shaderType": 0,
    "diffuseColor_x": 0.2246251255273819,
    "diffuseColor_y": 0.3725489974021912,
    "diffuseColor_z": 0.3638475835323334,
    "diffuseColor_w": 1.0,
    "specularColor_x": 0.5,
    "specularColor_y": 0.30000001192092896,
    "specularColor_z": 0.5,
    "normalStrength": 1.0,
    "smoothness": 0.6499999761581421,
    "metalness": 0.3199999928474426,
    "isTransparent": false,
    "tilingx": 1.0,
    "tilingy": 1.0,
    "offsetx": 0.0,
    "offsety": 0.0
}